((("color-theme" .
   [0 0 0 0 0 0 0 0 0 0 1])
  ("CLR_RELAY_A01" .
   [1 0 0 0 0 0 0 0 0 0 0 0 0])
  ("SET_RELAY_A01" .
   [1 0 0 0 0 0 0 0 0 0 0 0 0])
  ("CLR_RELAY_A02" .
   [1 0 0 0 0 0 0 0 0 0 0 0 0])
  ("SET_RELAY_A02" .
   [1 0 0 0 0 0 0 0 0 0 0 0 0])
  ("A01" .
   [2 0 0])
  ("A02" .
   [2 0 0])
  ("logs" .
   [1 0 0 0])
  ("10" .
   [1 0])
  ("fixed" .
   [1 0 0 0 0])
  ("0x02" .
   [4 0 0 0])
  ("0x08" .
   [2 0 0 0])
  ("0x10" .
   [1 0 0 0])
  ("0x01" .
   [3 0 0 0])
  ("0x13" .
   [1 0 0 0])
  ("0x12" .
   [1 0 0 0])
  ("0x11" .
   [2 0 0 0])
  ("0x06" .
   [1 0 0 0])
  ("KEY_VAL13" .
   [1 0 0 0 0 0 0 0 0])
  ("command" .
   [1 0 0 0 0 0 0])
  ("ZGSC" .
   [1 0 0 0])
  ("message" .
   [1 0 0 0 0 0 0])
  ("me" .
   [1 0])
  ("XXWRIT" .
   [1 0 0 0 0 0])
  ("for" .
   [2 0 0])
  ("s" .
   [1])
  ("have" .
   [3 0 0 0])
  ("also" .
   [1 0 0 0])
  ("how" .
   [2 0 0])
  ("to" .
   [3 0])
  ("you" .
   [2 0 0])
  ("some" .
   [1 0 0 0])
  ("your" .
   [3 0 0 0])
  ("about" .
   [1 0 0 0 0])
  ("develop" .
   [0 0 0 0 2 0 0])
  ("preprocessor" .
   [0 0 0 0 0 0 0 0 0 0 0 2])
  ("How" .
   [3 0 0])
  ("take" .
   [1 0 0 0])
  ("effort" .
   [1 0 0 0 0 0])
  ("does" .
   [2 0 0 0])
  ("IOCP" .
   [1 0 0 0])
  ("the" .
   [3 0 0])
  ("mind" .
   [1 0 0 0])
  ("prepare" .
   [0 0 0 0 0 0 1])
  ("Presentation" .
   [0 0 0 0 0 0 1 0 0 0 0 0])
  ("will" .
   [1 0 0 0])
  ("knowledge" .
   [0 0 0 0 0 1 0 0 0])
  ("other" .
   [1 0 0 0 0])
  ("team" .
   [1 0 0 0])
  ("Hangzhou" .
   [0 0 1 0 0 0 0 0])
  ("and" .
   [3 0 0])
  ("preparing" .
   [0 0 0 0 1 0 0 0 0])
  ("of" .
   [1 0])
  ("learn" .
   [0 0 0 0 1])
  ("restart_notif_s" .
   [0 0 0 0 0 0 0 0 0 0 0 1 0 0 0])
  ("USAPRO" .
   [0 0 0 0 0 1])
  ("version" .
   [1 0 0 0 0 0 0])
  ("G-40-P65" .
   [1 0 0 0 0 0 0 0])
  ("DP-38-P63" .
   [1 0 0 0 0 0 0 0 0])
  ("else" .
   [4 0 0 0])
  ("endif" .
   [2 0 0 0 0])
  ("if" .
   [3 0])
  ("opPRODUCT" .
   [0 0 0 1 0 0 0 0 0])
  ("dMD_SUP" .
   [1 0 0 0 0 0 0])
  ("B-34-" .
   [1 0 0 0 0])
  ("E-37-" .
   [1 0 0 0 0])
  ("0x8" .
   [1 0 0])
  ("0x20" .
   [2 0 0 0])
  ("0x04" .
   [2 0 0 0])
  ("remove" .
   [1 0 0 0 0 0])
  ("ucProOnDlyCnt" .
   [1 0 0 0 0 0 0 2 0 0 0 0 1])
  ("PRO_ON_DLY_VAL" .
   [0 0 0 0 1 0 0 0 0 0 0 0 0 1])
  ("g_stRun" .
   [0 0 0 2 0 0 1])
  ("23" .
   [1 0])
  ("all" .
   [1 0 0])
  ("option" .
   [1 0 0 0 0 0])
  ("call" .
   [1 0 0 0])
  ("bat" .
   [1 0 0])
  ("OMU" .
   [6 0 0])
  ("Step1" .
   [0 0 1 0 0])
  ("off" .
   [1 0 0])
  ("SPEX" .
   [2 0 0 0])
  ("is" .
   [1 0])
  ("original" .
   [2 0 0 0 1 0 0 0])
  ("can" .
   [1 0 0])
  ("WOEX" .
   [1 0 0 0])
  ("U" .
   [1])
  ("RCXPROGX" .
   [0 0 0 0 0 0 1 0])
  ("not" .
   [1 0 0])
  ("from" .
   [2 0 0 0])
  ("USAPROGX" .
   [0 0 0 0 0 0 1 0])
  ("in" .
   [2 0])
  ("sent" .
   [1 0 0 0])
  ("spare" .
   [1 0 0 0 0])
  ("None" .
   [6 0 0 0])
  ("risk" .
   [1 0 0 0])
  ("forced" .
   [1 0 0 0 0 0])))
